
0.20075 730
0.201 717
0.2012 443
0.2012 76
0.20135 539
0.20135 545
0.2014 616
0.2014 844
0.20145 521
0.2015 106
0.20155 655
0.2016 559
0.2016 999
0.20165 482
0.2017 110
0.2017 150
0.2017 701
0.2018 669
0.20185 344
0.20185 433
0.20185 836
0.2019 250
0.2019 287
0.2019 90
0.20195 410
0.20195 511
0.20195 57
0.20195 716
0.20195 728
0.20195 988
0.202 288
0.202 485
0.202 519
0.202 89
0.20205 745
0.20205 765
0.20205 924
0.2021 590
0.2021 755
0.2021 766
0.2021 879
0.20215 621
0.20215 85
0.20215 979
0.2022 186
0.2022 188
0.2022 238
0.20225 594
0.20225 721
0.20225 759
0.20225 762
0.2023 20
0.2023 41
0.2023 450
0.2023 582
0.2023 843
0.2023 856
0.2023 859
0.2023 874
0.20235 320
0.20235 378
0.20235 424
0.20235 46
0.2024 145
0.2024 524
0.2024 664
0.2024 732
0.20245 257
0.20245 314
0.20245 426
0.20245 578
0.20245 628
0.20245 888
0.2025 361
0.2025 395
0.2025 591
0.2025 619
0.2025 705
0.2025 73
0.2025 757
0.20255 138
0.20255 336
0.20255 725
0.20255 789
0.2026 107
0.2026 187
0.2026 277
0.2026 436
0.2026 708
0.2026 809
0.20265 103
0.20265 213
0.20265 233
0.20265 609
0.20265 688
0.20265 875
0.20265 880
0.2027 175
0.2027 27
0.2027 271
0.2027 689
0.2027 799
0.2027 841
0.2027 96
0.2027 967
0.2027 993
0.20275 172
0.20275 21
0.20275 222
0.20275 307
0.20275 472
0.20275 478
0.20275 658
0.20275 739
0.20275 780
0.20275 840
0.20275 922
0.20275 935
0.20275 998
0.2028 447
0.2028 570
0.2028 579
0.2028 599
0.2028 784
0.2028 800
0.20285 387
0.20285 489
0.20285 965
0.2029 605
0.2029 632
0.2029 633
0.2029 817
0.2029 827
0.2029 866
0.2029 920
0.20295 327
0.20295 373
0.20295 38
0.20295 381
0.20295 383
0.20295 552
0.20295 829
0.20295 845
0.20295 914
0.20295 981
0.203 192
0.203 207
0.203 244
0.203 267
0.203 404
0.203 43
0.203 463
0.203 522
0.203 6
0.203 704
0.203 838
0.20305 227
0.20305 442
0.20305 637
0.20305 700
0.20305 886
0.2031 33
0.2031 335
0.2031 351
0.2031 532
0.2031 562
0.2031 660
0.2031 662
0.2031 710
0.2031 72
0.2031 851
0.20315 167
0.20315 297
0.20315 513
0.20315 77
0.2032 121
0.2032 25
0.2032 251
0.2032 303
0.2032 323
0.2032 333
0.2032 347
0.2032 391
0.2032 458
0.2032 469
0.2032 535
0.2032 718
0.2032 781
0.2032 865
0.20325 140
0.20325 278
0.20325 425
0.20325 484
0.20325 525
0.20325 556
0.20325 661
0.20325 75
0.20325 868
0.20325 961
0.20325 966
0.20325 991
0.2033 1
0.2033 139
0.2033 343
0.2033 362
0.2033 528
0.2033 551
0.2033 567
0.2033 593
0.2033 600
0.2033 607
0.2033 676
0.2033 753
0.2033 768
0.2033 793
0.20335 116
0.20335 129
0.20335 132
0.20335 177
0.20335 326
0.20335 384
0.20335 428
0.20335 555
0.20335 636
0.20335 711
0.20335 734
0.20335 750
0.20335 752
0.20335 822
0.20335 86
0.20335 983
0.20335 99
0.2034 160
0.2034 423
0.2034 517
0.2034 536
0.2034 54
0.2034 663
0.2034 671
0.2034 954
0.20345 14
0.20345 174
0.20345 470
0.20345 564
0.20345 692
0.20345 724
0.20345 764
0.20345 769
0.20345 978
0.2035 113
0.2035 16
0.2035 229
0.2035 235
0.2035 242
0.2035 265
0.2035 944
0.2035 987
0.20355 123
0.20355 262
0.20355 359
0.20355 417
0.20355 483
0.20355 719
0.20355 895
0.20355 933
0.20355 989
0.2036 304
0.2036 331
0.2036 465
0.2036 502
0.2036 586
0.2036 601
0.2036 611
0.2036 703
0.2036 773
0.2036 830
0.2036 887
0.2036 890
0.20365 316
0.20365 421
0.20365 55
0.20365 645
0.20365 740
0.20365 876
0.20365 884
0.20365 953
0.20365 962
0.2037 127
0.2037 136
0.2037 173
0.2037 179
0.2037 182
0.2037 184
0.2037 201
0.2037 221
0.2037 261
0.2037 393
0.2037 408
0.2037 416
0.2037 437
0.2037 49
0.2037 729
0.2037 742
0.2037 760
0.20375 120
0.20375 137
0.20375 385
0.20375 496
0.20375 696
0.20375 720
0.20375 805
0.2038 239
0.2038 305
0.2038 411
0.2038 475
0.2038 659
0.2038 816
0.2038 850
0.20385 18
0.20385 211
0.20385 246
0.20385 358
0.20385 527
0.20385 871
0.20385 958
0.2039 217
0.2039 259
0.2039 340
0.2039 399
0.2039 479
0.2039 490
0.2039 572
0.2039 610
0.2039 622
0.2039 749
0.2039 992
0.20395 26
0.20395 313
0.20395 400
0.20395 454
0.20395 505
0.20395 526
0.20395 629
0.20395 684
0.20395 723
0.20395 726
0.20395 736
0.20395 737
0.20395 771
0.20395 801
0.20395 902
0.20395 971
0.204 298
0.204 418
0.204 480
0.204 50
0.204 53
0.204 595
0.204 657
0.204 782
0.204 847
0.204 852
0.204 948
0.20405 284
0.20405 294
0.20405 386
0.20405 420
0.20405 486
0.20405 497
0.20405 52
0.20405 534
0.20405 550
0.20405 558
0.20405 695
0.20405 70
0.20405 756
0.20405 779
0.20405 804
0.20405 963
0.2041 152
0.2041 208
0.2041 29
0.2041 374
0.2041 466
0.2041 538
0.2041 623
0.2041 675
0.2041 80
0.2041 815
0.2041 848
0.2041 947
0.20415 341
0.20415 382
0.20415 389
0.20415 414
0.20415 492
0.20415 531
0.20415 919
0.2042 293
0.2042 37
0.2042 45
0.2042 533
0.2042 612
0.2042 617
0.2042 7
0.2042 83
0.2042 928
0.2042 930
0.20425 249
0.20425 273
0.20425 337
0.20425 36
0.20425 405
0.20425 455
0.20425 509
0.20425 514
0.20425 542
0.20425 574
0.20425 597
0.20425 686
0.20425 772
0.20425 892
0.20425 904
0.20425 93
0.20425 938
0.2043 157
0.2043 308
0.2043 568
0.2043 58
0.2043 653
0.2043 831
0.2043 87
0.2043 936
0.2043 945
0.2043 946
0.2043 952
0.20435 108
0.20435 141
0.20435 181
0.20435 195
0.20435 367
0.20435 430
0.20435 445
0.20435 47
0.20435 61
0.20435 767
0.20435 792
0.20435 813
0.20435 849
0.20435 870
0.20435 894
0.20435 990
0.2044 115
0.2044 19
0.2044 219
0.2044 24
0.2044 310
0.2044 346
0.2044 353
0.2044 429
0.2044 474
0.2044 588
0.2044 604
0.2044 654
0.2044 69
0.2044 707
0.2044 714
0.2044 869
0.2044 907
0.2044 94
0.20445 114
0.20445 170
0.20445 202
0.20445 224
0.20445 232
0.20445 299
0.20445 311
0.20445 352
0.20445 679
0.20445 824
0.20445 857
0.20445 97
0.20445 972
0.2045 162
0.2045 260
0.2045 272
0.2045 281
0.2045 356
0.2045 360
0.2045 477
0.2045 530
0.2045 743
0.2045 748
0.2045 88
0.2045 929
0.20455 161
0.20455 165
0.20455 166
0.20455 168
0.20455 205
0.20455 266
0.20455 354
0.20455 371
0.20455 406
0.20455 510
0.20455 803
0.20455 901
0.20455 903
0.20455 917
0.20455 943
0.2046 104
0.2046 274
0.2046 453
0.2046 66
0.2046 685
0.2046 74
0.2046 741
0.2046 777
0.2046 794
0.2046 837
0.2046 906
0.2046 996
0.20465 133
0.20465 180
0.20465 269
0.20465 42
0.20465 481
0.20465 580
0.20465 60
0.20465 667
0.20465 797
0.20465 909
0.20465 91
0.20465 940
0.2047 13
0.2047 148
0.2047 191
0.2047 627
0.2047 722
0.2047 969
0.20475 135
0.20475 183
0.20475 236
0.20475 276
0.20475 315
0.20475 370
0.20475 431
0.20475 512
0.20475 581
0.20475 67
0.20475 738
0.20475 747
0.20475 796
0.20475 826
0.20475 913
0.2048 155
0.2048 159
0.2048 234
0.2048 280
0.2048 338
0.2048 461
0.2048 495
0.2048 812
0.2048 819
0.2048 846
0.2048 986
0.20485 241
0.20485 339
0.20485 415
0.20485 501
0.20485 641
0.20485 698
0.20485 712
0.20485 727
0.20485 778
0.20485 821
0.20485 862
0.20485 897
0.20485 925
0.20485 927
0.2049 22
0.2049 226
0.2049 473
0.2049 665
0.2049 693
0.2049 697
0.2049 791
0.2049 855
0.2049 882
0.2049 893
0.20495 306
0.20495 459
0.20495 680
0.20495 910
0.20495 960
0.205 122
0.205 169
0.205 3
0.205 348
0.205 396
0.205 508
0.205 563
0.205 613
0.205 690
0.205 744
0.205 787
0.205 854
0.205 864
0.205 899
0.205 974
0.20505 268
0.20505 329
0.20505 369
0.20505 422
0.20505 488
0.20505 507
0.20505 614
0.20505 650
0.20505 666
0.20505 942
0.2051 199
0.2051 225
0.2051 292
0.2051 300
0.2051 325
0.2051 487
0.2051 59
0.2051 596
0.2051 715
0.2051 84
0.2051 959
0.20515 282
0.20515 289
0.20515 493
0.20515 651
0.20515 818
0.20515 956
0.2052 124
0.2052 204
0.2052 252
0.2052 457
0.2052 462
0.2052 573
0.2052 635
0.2052 872
0.2052 955
0.20525 143
0.20525 253
0.20525 302
0.20525 448
0.20525 566
0.20525 994
0.2053 200
0.2053 342
0.2053 540
0.2053 560
0.2053 608
0.2053 618
0.2053 921
0.2053 977
0.20535 100
0.20535 131
0.20535 163
0.20535 178
0.20535 216
0.20535 218
0.20535 228
0.20535 576
0.20535 691
0.20535 832
0.20535 839
0.20535 911
0.2054 105
0.2054 12
0.2054 394
0.2054 592
0.2054 598
0.2054 62
0.2054 630
0.2054 649
0.2054 65
0.2054 731
0.2054 733
0.2054 776
0.2054 877
0.2054 964
0.20545 171
0.20545 368
0.20545 397
0.20545 471
0.20545 520
0.20545 634
0.20545 713
0.20545 798
0.20545 860
0.20545 881
0.2055 15
0.2055 215
0.2055 322
0.2055 40
0.2055 541
0.2055 575
0.2055 656
0.2055 811
0.2055 891
0.20555 125
0.20555 258
0.20555 301
0.20555 366
0.20555 444
0.20555 529
0.20555 638
0.20555 644
0.2056 146
0.2056 176
0.2056 372
0.2056 398
0.2056 498
0.2056 518
0.2056 63
0.2056 64
0.2056 790
0.2056 861
0.2056 915
0.20565 295
0.20565 553
0.20565 810
0.2057 144
0.2057 203
0.2057 256
0.2057 290
0.2057 324
0.2057 334
0.2057 409
0.2057 419
0.2057 647
0.2057 795
0.2057 912
0.2057 931
0.20575 130
0.20575 134
0.20575 158
0.20575 190
0.20575 441
0.20575 446
0.20575 587
0.20575 643
0.20575 652
0.20575 78
0.20575 807
0.20575 9
0.20575 984
0.2058 101
0.2058 126
0.2058 193
0.2058 285
0.2058 615
0.2058 751
0.20585 214
0.20585 255
0.20585 451
0.20585 515
0.20585 648
0.20585 775
0.20585 900
0.2059 212
0.2059 494
0.2059 639
0.20595 112
0.20595 151
0.20595 2
0.20595 365
0.20595 56
0.20595 687
0.20595 761
0.20595 788
0.20595 923
0.20595 985
0.206 427
0.206 571
0.206 683
0.20605 117
0.20605 317
0.20605 376
0.20605 407
0.20605 565
0.20605 670
0.20605 682
0.2061 197
0.2061 321
0.2061 328
0.2061 39
0.2061 504
0.2061 82
0.20615 449
0.20615 491
0.20615 499
0.20615 577
0.20615 853
0.2062 156
0.2062 243
0.2062 786
0.2062 825
0.2062 885
0.2062 937
0.20625 189
0.20625 220
0.20625 34
0.20625 377
0.20625 440
0.20625 785
0.20625 863
0.2063 279
0.2063 312
0.2063 516
0.2063 620
0.2063 873
0.20635 102
0.20635 248
0.20635 388
0.20635 503
0.20635 758
0.20635 867
0.2064 147
0.2064 452
0.2064 68
0.2064 898
0.2064 970
0.20645 332
0.20645 460
0.20645 5
0.20645 95
0.2065 10
0.2065 17
0.2065 209
0.2065 544
0.2065 546
0.2065 606
0.20655 154
0.20655 709
0.2066 375
0.2066 434
0.2066 823
0.2066 951
0.20665 30
0.20665 802
0.2067 210
0.2067 240
0.2067 31
0.2067 842
0.2067 926
0.20675 185
0.20675 4
0.20675 602
0.20675 828
0.20675 975
0.2068 694
0.2068 746
0.2068 79
0.2068 932
0.2068 997
0.20685 245
0.20685 254
0.20685 275
0.20685 456
0.20685 889
0.20685 968
0.2069 198
0.2069 247
0.2069 380
0.2069 464
0.20695 111
0.20695 223
0.20695 23
0.20695 363
0.20695 401
0.20695 435
0.207 506
0.207 774
0.20705 128
0.20705 194
0.20705 547
0.20705 603
0.20705 699
0.2071 1000
0.2071 349
0.2071 350
0.2071 835
0.2071 883
0.2071 957
0.20715 28
0.20715 543
0.20715 584
0.20715 585
0.20715 642
0.20715 982
0.2072 439
0.2072 51
0.2072 908
0.20725 11
0.20725 237
0.20725 537
0.20725 8
0.20725 814
0.2073 264
0.2073 625
0.20735 142
0.20735 296
0.20735 379
0.20735 392
0.20735 626
0.20735 833
0.2074 668
0.2074 678
0.2074 783
0.2074 98
0.20745 118
0.20745 32
0.20745 390
0.20745 561
0.2075 319
0.2075 432
0.2075 631
0.2075 640
0.2075 949
0.20755 286
0.20765 109
0.20765 402
0.20765 467
0.20765 878
0.20765 934
0.2077 283
0.2077 916
0.20775 438
0.20775 770
0.2078 48
0.20785 119
0.20795 309
0.20795 35
0.20795 672
0.20795 896
0.208 355
0.208 500
0.208 980
0.20805 364
0.20805 81
0.20805 976
0.2081 476
0.2082 164
0.2082 206
0.2082 995
0.20825 939
0.2083 646
0.20835 318
0.20835 71
0.20835 92
0.2084 413
0.2084 548
0.2084 820
0.2084 905
0.20845 523
0.20845 557
0.20845 569
0.2085 230
0.20855 808
0.2086 149
0.20865 153
0.2087 231
0.2087 468
0.20875 291
0.20875 674
0.2088 763
0.2088 806
0.2088 858
0.20885 973
0.2089 44
0.2089 950
0.20895 196
0.20895 583
0.20915 330
0.2092 834
0.2093 357
0.20945 624
0.20955 345
0.20965 554
0.2097 735
0.20975 263
0.20995 549
0.2101 673
0.21015 706
0.21025 270
0.2103 754
0.21035 918
0.2104 403
0.21045 677
0.21095 681
0.2112 702
0.21135 589
0.2115 941
0.21195 412
